37
1 3.24130737135
2 3.24826147427
3 3.21376433785
4 3.21036161335
5 3.25555555556
6 3.28368055556
7 3.20038234272
8 3.22847222222
9 3.15361111111
10 3.22696759259
11 3.20340041638
12 3.23767361111
13 3.15384615385
14 3.2125520111
15 3.15978535354
16 3.14780092593
17 3.230911188
18 3.19221230159
19 3.2511377127
20 3.15902777778
21 3.22799791449
22 3.15098022207
23 3.21946169772
24 3.25611111111
25 3.16310344828
26 3.17597886348
27 3.23161746526
28 3.25936199723
29 2.74413793103
30 3.22598824786
31 3.20344837553
32 3.16264880952
33 3.17224517906
34 3.19778546713
35 3.21279403328
36 3.15694444444
37 3.22381355715
38 3.11463882378
39 3.18816163644
Keysize: 29
29
1d421f4d0b0f021f4f134e3c1a69651f491c0e4e13010b074e1b011645
29
